MATLAB is running in headless mode.  Figure windows will not be displayed.
 
To get started, type one of these: helpwin, helpdesk, or demo.
For product information, visit www.mathworks.com.
 
******************************************************************
HMM matrices
******************************************************************
Observation matrix:
    0.9731    0.0096    0.0186    0.0064
    0.0065    0.9851    0.0133    0.0268
    0.0173    0.0037    0.9233    0.0053
    0.0031    0.0016    0.0448    0.9615

Transition matrix:
    0.6945    0.0327    0.0074    0.0050
    0.0134    0.8329    0.0061    0.0819
    0.2798    0.0913    0.9814    0.0252
    0.0123    0.0431    0.0051    0.8879

******************************************************************
Gibbs sampler parameter estimation
******************************************************************
Starting Gibbs solver
Solve time: 1.26 seconds
Gibbs estimate:
    0.7097    0.0232    0.0032    0.0037
    0.0556    0.7955    0.0025    0.1713
    0.1982    0.1557    0.9896    0.0341
    0.0365    0.0256    0.0046    0.7909

Gibbs KL divergence rate: 0.008551

******************************************************************
Baum-Welch parameter estimation
******************************************************************
Starting Baum-Welch
Solve time: 4.08 seconds
Baum-Welch estimate:
    0.6704    0.0182    0.0046    0.0000
    0.0099    0.7708    0.0044    0.1633
    0.3197    0.1656    0.9857    0.0000
    0.0000    0.0453    0.0053    0.8367

Baum-Welch KL divergence rate: 0.055806
